-20.066, -19.7232
-18.896, -19.7186
-19.4435, -19.7171
-18.8676, -19.7123
-19.7355, -19.7124
-20.4046, -19.7162
-19.0339, -19.7124
-19.0339, -19.7086
-19.0765, -19.705
-19.3705, -19.703
-19.2833, -19.7006
-20.0295, -19.7023
-19.2184, -19.6995
-18.4174, -19.6923
-17.8942, -19.6821
-19.1657, -19.679
-18.1275, -19.6702
-17.9774, -19.6605
-19.1982, -19.6576
-20.1349, -19.6599
-19.6037, -19.6592
-18.965, -19.655
-19.995, -19.6566
-18.7764, -19.6513
-19.0238, -19.6474
-18.7237, -19.6419
-19.918, -19.643
-19.918, -19.6441
-19.1961, -19.6412
-19.3543, -19.6394
-19.7781, -19.6399
-19.6219, -19.6396
-20.4066, -19.6437
-20.0721, -19.6459
-18.9934, -19.6421
-19.0643, -19.6387
-19.6645, -19.6386
-19.6645, -19.6385
-19.3665, -19.6368
-19.8105, -19.6376
-19.8247, -19.6384
-19.7031, -19.6385
-19.1069, -19.6354
-18.9183, -19.6311
-19.1008, -19.6279
-17.9632, -19.6184
-19.5429, -19.6177
-19.5429, -19.6169
-19.4557, -19.6157
-19.8754, -19.6168
-19.7172, -19.617
-19.9646, -19.6186
-19.9687, -19.6203
-18.8169, -19.6155
-18.9082, -19.6112
-20.2039, -19.6141
-18.7622, -19.6091
-18.7622, -19.604
-20.1937, -19.6069
-18.5107, -19.6004
-20.3255, -19.604
-19.7213, -19.6042
-19.4212, -19.6028
-19.4557, -19.6016
-20.3235, -19.6052
-19.6098, -19.6048
-19.478, -19.6037
-19.772, -19.6042
-19.9727, -19.6059
-19.9727, -19.6075
-19.7477, -19.6079
-19.332, -19.606
-20.0761, -19.6082
-19.624, -19.6079
-19.1657, -19.6051
-19.4922, -19.6041
-19.2184, -19.6015
-19.5084, -19.6006
-19.9139, -19.6019
-19.9139, -19.6032
-19.6584, -19.6031
-20.1025, -19.6055
-19.3948, -19.6039
-19.1373, -19.6009
-19.551, -19.6002
-18.4925, -19.5936
-19.7294, -19.5939
-19.8409, -19.5948
-19.0238, -19.5912
-19.555, -19.5905
-19.555, -19.5899
-19.4618, -19.5887
-19.8511, -19.5896
-20.4107, -19.5937
-19.4719, -19.5926
-19.4577, -19.5914
-19.5692, -19.5908
-20.2323, -19.5939
-19.5652, -19.5932
-19.6605, -19.5931
-19.6605, -19.5931
-19.2387, -19.5906
-19.4313, -19.5893
-19.04, -19.5857
-20.3782, -19.5896
-19.1982, -19.587
-18.8778, -19.5825
-19.4415, -19.5812
-19.989, -19.583
-19.5408, -19.5822
-19.5408, -19.5814
-19.9626, -19.583
-19.9018, -19.5843
-19.2894, -19.5821
-19.7335, -19.5824
-19.184, -19.5797
-20.1714, -19.5825
-20.1775, -19.5852
-19.1089, -19.5821
-19.7862, -19.5827
-19.7862, -19.5833
-19.405, -19.5818
-18.9325, -19.5777
-18.4783, -19.571
-19.916, -19.5723
-19.1191, -19.5692
-19.2549, -19.5669
-19.3462, -19.5651
-19.5408, -19.5643
-19.1414, -19.5613
-19.1414, -19.5583
-19.261, -19.556
-19.7456, -19.5564
-19.6767, -19.5564
-19.6301, -19.5562
-19.0643, -19.5528
-20.0092, -19.5546
-19.5814, -19.5541
-19.7396, -19.5544
-20.2262, -19.5575
-19.772, -19.5571
-19.772, -19.5567
-19.5307, -19.5549
-20.5019, -19.5586
-20.1877, -19.5605
-19.403, -19.558
-19.4395, -19.5558
-18.6081, -19.5489
-19.1312, -19.5449
-19.4232, -19.5426
-19.701, -19.5418
-19.701, -19.541
-18.5959, -19.534
-20.6317, -19.5384
-19.3807, -19.5358
-20.1816, -19.5377
-19.8308, -19.5376
-19.549, -19.536
-20.2951, -19.5385
-20.5404, -19.5424
-18.9913, -19.5376
-18.9913, -19.5329
-20.212, -19.5349
-18.5371, -19.5276
-19.4658, -19.5255
-20.1207, -19.5271
-19.0643, -19.5227
-19.3137, -19.5198
-19.6584, -19.5187
-18.9731, -19.5139
-19.8227, -19.5138
-19.8227, -19.5136
-19.6787, -19.5127
-19.2184, -19.5092
-19.3158, -19.5063
-20.0011, -19.5072
-19.4172, -19.5048
-18.8109, -19.499
-20.0234, -19.5
-19.0765, -19.4958
-19.845, -19.4945
-19.845, -19.4998
-19.5652, -19.5005
-19.2772, -19.5028
-19.5652, -19.5018
-18.7987, -19.4929
-19.5327, -19.4957
-19.482, -19.4982
-19.9302, -19.5029
-19.115, -19.5015
-20.3661, -19.5075
-18.8088, -19.5007
-18.9487, -19.4992
-19.4192, -19.5048
-19.1434, -19.5117
-19.1535, -19.5117
-20.0944, -19.5226
-19.3137, -19.53
-20.3499, -19.5364
-19.5631, -19.5332
-18.5513, -19.5274
-19.5266, -19.5305
-20.0944, -19.5311
-20.0478, -19.5381
-19.407, -19.5402
-19.991, -19.5473
-19.991, -19.5477
-19.774, -19.5469
-19.697, -19.5497
-19.7294, -19.5518
-20.3093, -19.5547
-19.5976, -19.5546
-19.701, -19.5507
-19.6057, -19.5481
-20.2424, -19.555
-19.4699, -19.5573
-19.7923, -19.558
-19.7923, -19.5587
-19.8632, -19.5614
-20.2018, -19.5636
-19.1738, -19.56
-19.9991, -19.5616
-19.4719, -19.5637
-19.8693, -19.5689
-20.0092, -19.574
-19.7619, -19.584
-19.9443, -19.5862
-19.9443, -19.5884
-19.4618, -19.5885
-20.2627, -19.5906
-19.04, -19.5869
-20.0092, -19.5871
-20.0234, -19.5874
-19.5631, -19.5916
-19.8855, -19.597
-19.4232, -19.5927
-20.4269, -19.6019
-20.4269, -19.6112
-20.1897, -19.6111
-19.7416, -19.618
-19.6361, -19.6141
-19.2326, -19.6114
-19.4597, -19.6116
-19.9808, -19.6146
-19.478, -19.6099
-19.8997, -19.6115
-20.8932, -19.6193
-20.8932, -19.6256
-19.4516, -19.6227
-18.4884, -19.6144
-18.8494, -19.6094
-19.7943, -19.612
-19.5388, -19.609
-20.437, -19.6135
-19.7335, -19.6167
-19.3401, -19.6158
-19.9261, -19.6198
-19.9261, -19.6221
-20.0478, -19.6228
-19.1312, -19.6185
-19.8997, -19.6198
-19.6848, -19.6175
-19.4334, -19.6177
-19.4476, -19.6194
-19.4922, -19.6191
-19.8754, -19.6268
-19.4699, -19.6254
-20.2404, -19.6276
-20.2404, -19.6343
-19.4597, -19.6338
-19.845, -19.6354
-19.3705, -19.6349
-20.2485, -19.6371
-19.7902, -19.6337
-20.0173, -19.6367
-19.4232, -19.6365
-19.3502, -19.6353
-20.6317, -19.6375
-19.5206, -19.6373
-20.731, -19.6432
-18.9629, -19.6393
-19.8713, -19.6429
-19.993, -19.646
-19.993, -19.6513
-19.4658, -19.6462
-18.8899, -19.6445
-19.8511, -19.6499
-20.2769, -19.6545
-20.1086, -19.6552
-18.7602, -19.6509
-18.8048, -19.6468
-20.1978, -19.6481
-19.1657, -19.644
-19.1657, -19.6433
-19.0826, -19.6397
-19.7294, -19.6427
-19.3563, -19.6382
-19.1089, -19.6323
-19.6159, -19.6351
-18.3465, -19.6271
-20.0113, -19.6283
-19.5855, -19.6293
-19.8105, -19.6342
-19.8105, -19.6416
-19.3624, -19.6385
-19.8186, -19.6424
-20.2809, -19.6481
-18.894, -19.6456
-20.3032, -19.6498
-18.9467, -19.6488
-19.77, -19.6523
-19.5976, -19.6541
-19.9707, -19.6554
-19.9707, -19.657
-18.5249, -19.6509
-20.0376, -19.6563
-19.5246, -19.6536
-20.3661, -19.6579
-19.6361, -19.6574
-19.5226, -19.6535
-18.971, -19.649
-19.549, -19.6478
-18.4681, -19.6419
-19.5064, -19.6363
-19.2854, -19.6313
-19.5327, -19.632
-19.9626, -19.6349
-19.6686, -19.6408
-18.7277, -19.6386
-18.7176, -19.6347
-19.2245, -19.632
-18.2248, -19.6238
-18.5918, -19.6238
-19.7598, -19.619
-19.7598, -19.6211
-19.3583, -19.6165
-18.8453, -19.611
-19.2489, -19.6094
-18.4905, -19.5993
-20.1633, -19.5972
-19.3746, -19.5994
-19.9261, -19.6046
-19.8146, -19.6023
-18.9183, -19.6045
-19.4192, -19.6042
-19.7051, -19.6019
-19.7902, -19.6059
-19.5713, -19.6074
-19.6443, -19.6073
-19.6443, -19.611
-19.9484, -19.6117
-20.0254, -19.6128
-19.111, -19.6097
-20.1248, -19.6147
-19.7091, -19.6169
-19.7984, -19.6158
-19.478, -19.6161
-19.6361, -19.6207
-18.9224, -19.6146
-18.9224, -19.6137
-20.1491, -19.6154
-19.2144, -19.6119
-19.701, -19.6127
-20.0153, -19.6168
-20.2201, -19.6204
-20.5648, -19.6302
-21.1, -19.6389
-20.2789, -19.6434
-20.137, -19.6445
-20.137, -19.6502
-18.6669, -19.6407
-20.5425, -19.6504
-19.8977, -19.6556
-19.8653, -19.6581
-19.5936, -19.6606
-18.9082, -19.6593
-19.553, -19.6562
-19.77, -19.6588
-19.5611, -19.6544
-19.5611, -19.6544
-18.5675, -19.6545
-19.2326, -19.6528
-20.1349, -19.6531
-19.6199, -19.6507
-20.4837, -19.6567
-20.3417, -19.6586
-20.5709, -19.6618
-20.5181, -19.666
-19.9626, -19.6675
-19.9626, -19.6688
-20.9459, -19.6723
-20.1066, -19.6751
-20.5769, -19.68
-19.3989, -19.6788
-19.4983, -19.6747
-19.5936, -19.6754
-20.0194, -19.6766
-18.5756, -19.6699
-20.066, -19.671
-20.7939, -19.6743
-20.7939, -19.6833
-20.5952, -19.6866
-20.3073, -19.6913
-20.5891, -19.6953
-20.1147, -19.6958
-19.3137, -19.6934
-19.3462, -19.69
-19.1921, -19.6859
-19.9768, -19.6887
-20.8993, -19.6922
-20.8993, -19.7026
-20.2748, -19.7041
-19.6625, -19.702
-20.1349, -19.7052
-20.0802, -19.7063
-20.6175, -19.7129
-19.0359, -19.7052
-19.5733, -19.7005
-20.4269, -19.7018
-19.4273, -19.7
-20.2221, -19.7033
-20.2221, -19.7088
-20.0802, -19.7122
-20.5486, -19.7154
-21.0635, -19.7242
-19.6868, -19.723
-19.5348, -19.7155
-19.6686, -19.7087
-19.8186, -19.7107
-20.0822, -19.7196
-19.6767, -19.7242
-19.6767, -19.7235
-20.5871, -19.7293
-19.7598, -19.7256
-20.1126, -19.7277
-20.2343, -19.7326
-19.3563, -19.7295
-19.9788, -19.7298
-20.2769, -19.731
-21.4953, -19.7442
-19.849, -19.7439
-19.849, -19.7448
-18.9974, -19.7424
-19.77, -19.7442
-19.6098, -19.7448
-18.6283, -19.7379
-19.115, -19.7359
-19.1961, -19.7301
-19.5307, -19.7262
-18.5776, -19.7213
-20.4857, -19.7248
-20.4857, -19.731
-19.7254, -19.7281
-20.7331, -19.7334
-20.3194, -19.7351
-19.1292, -19.7334
-19.5206, -19.7344
-19.5327, -19.7283
-20.6236, -19.7344
-19.2347, -19.7261
-19.6605, -19.7299
-19.6605, -19.7288
-19.1292, -19.724
-19.0096, -19.7185
-20.2363, -19.7228
-19.5064, -19.7262
-19.3948, -19.7237
-19.7963, -19.721
-19.3198, -19.7166
-18.3749, -19.7145
-19.8166, -19.7201
-19.5814, -19.7167
-19.5814, -19.719
-19.9585, -19.7234
-19.847, -19.7277
-19.8612, -19.7284
-20.0133, -19.732
-19.7761, -19.7357
-19.4496, -19.7348
-18.4681, -19.7355
-18.533, -19.7273
-19.3604, -19.726
-19.8795, -19.7264
-19.774, -19.7262
-20.6053, -19.7331
-19.6848, -19.7324
-19.9038, -19.7303
-19.6645, -19.7346
-18.7378, -19.7259
-19.5611, -19.7293
-19.6017, -19.7283
-20.1106, -19.7312
-19.8369, -19.7304
-19.8369, -19.7297
-19.8267, -19.7369
-18.6081, -19.729
-20.0113, -19.7317
-20.0802, -19.7301
-20.0194, -19.7322
-19.9768, -19.7348
-19.701, -19.7388
-19.6544, -19.7394
-19.5449, -19.7454
-19.5449, -19.7456
-19.7882, -19.7484
-19.3482, -19.7474
-20.4451, -19.75
-19.5145, -19.7492
-18.3647, -19.7472
-19.6057, -19.7521
-20.2992, -19.7581
-20.0315, -19.7681
-20.4269, -19.7783
-20.4269, -19.782
-19.33, -19.7796
-19.5996, -19.781
-19.3543, -19.7838
-18.8717, -19.7817
-20.0011, -19.7901
-19.553, -19.7867
-19.7254, -19.7887
-19.6605, -19.7872
-19.0785, -19.7831
-19.0785, -19.784
-18.8311, -19.7807
-20.285, -19.7839
-19.8511, -19.7843
-19.0724, -19.7815
-19.6949, -19.7818
-19.2509, -19.7796
-19.0684, -19.7747
-20.3235, -19.7764
-20.0964, -19.7818
-19.9971, -19.7811
-19.9971, -19.7827
-20.2383, -19.7852
-19.7781, -19.7868
-19.6605, -19.787
-20.7249, -19.797
-19.5307, -19.8004
-20.5425, -19.8026
-19.8734, -19.8062
-20.1329, -19.8086
-19.3786, -19.8051
-19.3786, -19.8004
-20.2931, -19.7989
-20.6824, -19.7966
-19.4455, -19.7919
-18.5939, -19.7834
-20.4898, -19.7853
-19.3908, -19.7893
-19.8653, -19.7856
-19.3219, -19.7824
-19.7112, -19.7815
-19.3563, -19.7802
-19.9504, -19.786
-18.6507, -19.781
-19.8551, -19.7815
-19.4273, -19.7807
-19.4273, -19.78
-19.9971, -19.7879
-19.8957, -19.7916
-19.9302, -19.7905
-19.3502, -19.789
-19.6321, -19.7842
-19.699, -19.7807
-18.5837, -19.7696
-20.4147, -19.7691
-19.7619, -19.7679
-19.7619, -19.7668
-19.0887, -19.7565
-19.4476, -19.7528
-19.2651, -19.7456
-19.8288, -19.7479
-19.2854, -19.7468
-18.969, -19.7433
-18.8575, -19.7368
-19.48, -19.7419
-19.2144, -19.7371
-19.2144, -19.7284
-19.0136, -19.7185
-19.2975, -19.7113
-19.5104, -19.7068
-19.2083, -19.6992
-19.7963, -19.6974
-19.5266, -19.6986
-19.0197, -19.6968
-19.7477, -19.6998
-19.4861, -19.6971
-18.967, -19.6864
-18.8129, -19.6748
-19.5611, -19.6708
-19.1515, -19.668
-18.892, -19.6611
-19.4516, -19.6576
-19.5266, -19.6515
-19.7659, -19.6556
-19.6483, -19.656
-19.113, -19.6487
-19.3137, -19.6481
-19.3137, -19.643
-20.1633, -19.6427
-19.4881, -19.6394
-19.7862, -19.6352
-19.3056, -19.6254
-19.8004, -19.626
-19.0481, -19.6233
-19.8653, -19.6244
-20.4614, -19.628
-20.0903, -19.628
-20.0903, -19.6303
-20.0153, -19.6322
-20.3661, -19.631
-19.8592, -19.6315
-19.3786, -19.6275
-18.7399, -19.6192
-18.7764, -19.6159
-18.8595, -19.6097
-19.5996, -19.606
-19.6767, -19.5959
-19.6767, -19.5949
-19.701, -19.5941
-19.7537, -19.5983
-19.8795, -19.5989
-19.7193, -19.5995
-19.7193, -19.6056
-19.6402, -19.6085
-19.7071, -19.6113
-19.5307, -19.6113
-19.5388, -19.6167
-19.2326, -19.6097
-19.845, -19.6061
-19.7943, -19.6065
-20.4634, -19.605
-20.1775, -19.6042
-20.1775, -19.6101
-20.1248, -19.6134
-20.4816, -19.6187
-19.5003, -19.6124
-19.9362, -19.6163
-20.2262, -19.6195
-19.5875, -19.6191
-19.4253, -19.6207
-18.8291, -19.6197
-19.1961, -19.6139
-19.1961, -19.6122
-19.8673, -19.6148
-19.1657, -19.6113
-19.8186, -19.6141
-19.7396, -19.6217
-20.139, -19.6235
-19.7152, -19.6242
-19.1921, -19.6221
-20.0315, -19.6225
-19.0643, -19.6181
-19.0643, -19.6137
-20.2505, -19.615
-19.4212, -19.613
-18.9812, -19.6104
-19.843, -19.6181
-20.1572, -19.6271
-19.551, -19.6282
-19.8612, -19.6281
-18.9528, -19.6235
-19.7274, -19.6186
-19.7761, -19.6191
-19.7761, -19.6184
-20.5992, -19.6236
-19.3401, -19.627
-19.188, -19.6249
-19.9342, -19.6267
-19.7842, -19.6249
-20.2911, -19.6274
-18.6101, -19.6206
-20.0315, -19.6218
-19.7396, -19.628
-19.7396, -19.6265
-18.7338, -19.6191
-19.6422, -19.617
-19.48, -19.6142
-19.4922, -19.613
-19.6828, -19.6132
-19.7497, -19.6143
-19.4638, -19.6139
-19.476, -19.6121
-19.3644, -19.6122
-19.3644, -19.6062
-20.4938, -19.6117
-20.6499, -19.6244
-19.0075, -19.621
-19.1069, -19.6144
-19.7902, -19.6131
-19.5165, -19.608
-19.6949, -19.604
-20.137, -19.6084
-20.0883, -19.6112
-18.8778, -19.6085
-20.0315, -19.615
-19.993, -19.6149
-19.8105, -19.6163
-20.1268, -19.6186
-19.699, -19.6188
-19.699, -19.6222
-19.7031, -19.6257
-18.7155, -19.6251
-19.8207, -19.6225
-20.1066, -19.6239
-19.3766, -19.6256
-20.0457, -19.6275
-19.2894, -19.6278
-19.407, -19.6296
-19.6524, -19.6259
-19.6524, -19.6234
-19.0765, -19.6183
-19.989, -19.6183
-19.5165, -19.6143
-20.0619, -19.6158
-19.918, -19.6173
-20.1775, -19.6142
-19.4131, -19.6136
-20.1066, -19.6112
-18.9041, -19.6058
-18.9041, -19.5989
-18.3485, -19.5932
-19.113, -19.5917
-19.4597, -19.5871
-19.7071, -19.5817
-19.7051, -19.5831
-20.3762, -19.593
-20.4249, -19.5927
-20.2079, -19.5972
-20.6661, -19.6017
-20.6661, -19.6091
-18.8149, -19.6042
-19.7213, -19.6062
-20.435, -19.6089
-19.9302, -19.616
-19.9058, -19.6163
-20.068, -19.6198
-20.6763, -19.6268
-19.6828, -19.625
-19.3036, -19.6217
-19.3036, -19.6183
-19.2468, -19.6177
-19.8916, -19.6191
-19.5733, -19.6184
-19.6625, -19.6244
-20.1552, -19.623
-19.5348, -19.6217
-20.4675, -19.6256
-19.8815, -19.63
-20.6256, -19.6366
-19.0684, -19.6355
-18.9812, -19.6308
-20.0133, -19.6348
-20.287, -19.6421
-19.7396, -19.647
-19.3624, -19.6464
-19.916, -19.6503
-19.6949, -19.653
-20.2465, -19.6598
-21.0189, -19.6694
-19.8267, -19.6711
-18.6993, -19.6683
-19.3604, -19.6659
-19.5064, -19.6658
-19.1475, -19.6665
-19.4983, -19.6651
-19.4983, -19.6652
-20.1856, -19.6719
-18.8169, -19.672
-19.4111, -19.6711
-20.654, -19.6795
-19.699, -19.684
-19.6179, -19.6849
-19.8267, -19.6865
-20.0518, -19.6881
-19.8673, -19.6893
-19.8673, -19.6935
-20.2221, -19.6986
-19.7172, -19.7008
-20.2809, -19.7015
-20.1674, -19.7053
-20.2951, -19.7081
-20.2241, -19.7132
-19.9443, -19.714
-19.5915, -19.717
-20.0254, -19.7179
-20.0254, -19.7155
-20.2525, -19.7164
-19.6645, -19.714
-19.9525, -19.7137
-19.7659, -19.7103
-20.5749, -19.7143
-20.3032, -19.7194
-20.7939, -19.7308
-20.1613, -19.7385
-19.4516, -19.7418
-19.4516, -19.741
-19.044, -19.7375
-20.0031, -19.7393
-18.746, -19.734
-19.7274, -19.7339
-19.7436, -19.7331
-20.2424, -19.736
-20.3215, -19.7394
-19.8531, -19.7405
-19.7842, -19.741
-19.7842, -19.7424
-19.1049, -19.74
-20.7148, -19.7482
-19.8815, -19.7484
-20.8304, -19.7542
-20.4898, -19.7543
-19.8957, -19.7527
-19.7436, -19.7503
-20.5303, -19.7526
-19.6037, -19.7477
-19.5145, -19.7478
-19.5145, -19.7454
-19.5145, -19.7415
-19.6605, -19.7419
-20.9905, -19.7506
-19.6017, -19.7549
-19.7943, -19.7582
-19.9362, -19.7623
-19.5794, -19.7607
-20.1937, -19.7664
-20.9459, -19.7727
-20.9459, -19.7794
-19.478, -19.7757
-19.2894, -19.7733
-19.8916, -19.7772
-19.4212, -19.7738
-19.4212, -19.7758
-19.7923, -19.7799
-20.5242, -19.7814
-20.0498, -19.7849
-20.2039, -19.7917
-20.2302, -19.7938
-19.8612, -19.7922
-19.77, -19.7934
-20.0295, -19.7943
-19.7984, -19.799
-19.7984, -19.7994
-20.4451, -19.8031
-20.6297, -19.8079
-20.4208, -19.8069
-20.3113, -19.8123
-20.4857, -19.8195
-19.77, -19.8186
-20.0822, -19.8202
-20.7067, -19.8226
-19.9362, -19.8299
-19.9362, -19.8294
-20.7006, -19.8347
-19.9038, -19.8356
-20.4776, -19.8453
-20.0478, -19.8476
-20.3174, -19.8522
-20.137, -19.8558
-20.139, -19.8583
-19.6179, -19.8576
-19.7801, -19.8594
-19.7801, -19.8611
-19.6625, -19.8627
-19.6949, -19.8646
-19.7294, -19.8603
-20.3377, -19.8586
-20.2627, -19.8655
-20.2201, -19.8717
-19.9626, -19.8727
-20.2485, -19.8768
-20.2505, -19.8798
-20.2505, -19.8805
-19.113, -19.8751
-20.3742, -19.8834
-19.6949, -19.8815
-19.4922, -19.8787
-20.581, -19.883
-19.4192, -19.8791
-19.6666, -19.8789
-20.8486, -19.8853
-20.068, -19.8873
-19.3644, -19.8909
-19.3644, -19.8884
-19.9302, -19.8874
-20.3539, -19.8928
-19.8328, -19.8916
-20.6438, -19.8992
-20.2181, -19.9037
-20.0984, -19.9061
-20.0295, -19.9082
-20.2221, -19.9146
-19.5469, -19.9121
-19.5469, -19.9123
-20.0498, -19.9123
-20.5465, -19.9157
-19.4415, -19.9117
-20.4634, -19.9175
-20.4634, -19.9195
-20.5972, -19.9289
-20.4735, -19.9376
-19.5104, -19.9441
-19.4557, -19.946
-20.0234, -19.9491
-19.478, -19.9478
-20.0133, -19.9495
-19.4678, -19.9445
-20.9135, -19.9472
-20.9135, -19.9511
-19.9018, -19.9469
-19.7456, -19.9418
-20.1106, -19.949
-20.4756, -19.9531
-20.1349, -19.9515
-20.8871, -19.9568
-19.6321, -19.9553
-19.2347, -19.9506
-19.9139, -19.9464
-19.9139, -19.9477
-18.9021, -19.9455
-19.4395, -19.9462
-19.5672, -19.948
-19.8328, -19.9477
-19.7314, -19.9485
-20.5404, -19.9534
-19.6949, -19.9509
-20.0761, -19.9539
-19.6747, -19.9495
-20.2647, -19.9516
-20.2647, -19.9496
-19.184, -19.9502
-19.5327, -19.9533
-19.6301, -19.9512
-19.8308, -19.9486
-19.0157, -19.9446
-20.0984, -19.9487
-20.6682, -19.9529
-20.6175, -19.958
-20.3904, -19.9588
-20.3904, -19.9553
-19.628, -19.9542
-20.3701, -19.9635
-19.8795, -19.9664
-19.6949, -19.9674
-19.6889, -19.9704
-20.6459, -19.9768
-19.4983, -19.9768
-19.4557, -19.9728
-20.0173, -19.9794
-20.0173, -19.9828
-19.7112, -19.9776
-20.2282, -19.9805
-20.1958, -19.9837
-19.6422, -19.9827
-19.4293, -19.9792
-19.2813, -19.976
-20.433, -19.9791
-20.5384, -19.9809
-20.2424, -19.9838
-20.2424, -19.9836
-18.971, -19.9769
-19.6929, -19.9736
-20.51, -19.9752
-20.2667, -19.977
-19.9869, -19.9792
-21.0331, -19.9847
-20.2343, -19.9859
-20.4999, -19.9873
-19.5834, -19.9868
-19.922, -19.9867
-19.7254, -19.9864
-21.6697, -19.9925
-20.5911, -19.9941
-20.5911, -19.993
-20.3904, -19.9943
-20.4634, -19.9999
-20.0964, -20.0035
-21.5582, -20.0174
-21.1284, -20.0237
-21.0696, -20.0366
-21.175, -20.0446
-20.8425, -20.0507
-19.9342, -20.049
-19.9342, -20.0469
-20.729, -20.0517
-20.4451, -20.0554
-21.1507, -20.063
-20.5202, -20.0709
-20.6297, -20.0704
-19.9464, -20.0708
-19.8328, -20.0652
-20.6864, -20.0663
-21.5927, -20.0757
-21.5927, -20.086
-20.3499, -20.085
-20.364, -20.0892
-19.8389, -20.091
-19.7923, -20.0926
-20.5161, -20.0981
-20.3762, -20.1021
-20.8446, -20.1013
-21.2399, -20.1104
-20.8811, -20.1164
-20.8811, -20.1217
-20.3681, -20.1261
-19.8713, -20.1243
-20.5121, -20.1219
-21.1345, -20.1229
-19.5976, -20.1236
-20.6357, -20.1311
-21.0635, -20.1376
-20.3701, -20.1429
-20.6945, -20.1499
-20.6945, -20.1549
-20.6155, -20.1554
-19.9261, -20.1548
-21.0635, -20.1595
-21.4832, -20.1665
-20.8588, -20.172
-20.9094, -20.1784
-20.8729, -20.1831
-20.7797, -20.1885
-20.3316, -20.1915
-19.2935, -20.1851
-19.549, -20.1791
-21.2804, -20.1838
-19.8044, -20.181
-20.5607, -20.1814
-20.5607, -20.1858
-21.7548, -20.1951
-21.1365, -20.1975
-20.4756, -20.2005
-20.8081, -20.2054
-20.3519, -20.2034
-20.3519, -20.2059
-21.0453, -20.2091
-20.5709, -20.212
-19.6787, -20.2084
-21.2581, -20.2146
-19.2286, -20.2096
-19.8937, -20.2111
-20.7675, -20.2166
-20.7675, -20.2221
-19.3867, -20.2206
-19.8815, -20.2216
-19.2549, -20.219
-19.92, -20.2166
-20.5181, -20.2181
-20.5202, -20.2197
-20.4107, -20.2222
-20.8283, -20.2254
-20.3701, -20.2261
-20.3701, -20.2268
-20.5871, -20.235
-20.1674, -20.2338
-20.3904, -20.2377
-20.3559, -20.2425
-21.392, -20.247
-20.1856, -20.2512
-20.2079, -20.2542
-21.7913, -20.2595
-20.9905, -20.2646
-20.9905, -20.2736
-20.6682, -20.2809
-20.4046, -20.2835
-20.0052, -20.2816
-20.1167, -20.2832
-19.6503, -20.2776
-19.2326, -20.2722
-19.5469, -20.2691
-19.0968, -20.2639
-20.4208, -20.265
-20.4208, -20.2699
-19.8572, -20.2716
-20.3539, -20.2733
-20.0173, -20.2703
-20.4168, -20.2758
-20.0113, -20.2733
-18.9082, -20.2646
-20.2444, -20.2627
-20.8567, -20.2648
-19.4253, -20.2643
-19.5023, -20.2646
-19.5023, -20.2617
-19.7254, -20.263
-19.7456, -20.2616
-19.9241, -20.2641
-19.8815, -20.2584
-20.2992, -20.2549
-20.0092, -20.2555
-20.0356, -20.2572
-20.9277, -20.2617
-19.6483, -20.2571
-19.6483, -20.2544
-20.9338, -20.2547
-20.435, -20.2591
-20.1552, -20.2642
-20.4289, -20.2671
-20.1572, -20.2684
-19.9018, -20.274
-20.1998, -20.2782
-19.2935, -20.2767
-19.8166, -20.2766
-19.8166, -20.2771
-19.8247, -20.2731
-20.6337, -20.2783
-19.5185, -20.2752
-19.6118, -20.2749
-19.6118, -20.2712
-19.6078, -20.2676
-20.7432, -20.2763
-19.1373, -20.2741
-20.0964, -20.2767
-19.6889, -20.2759
-20.1937, -20.2824
-19.476, -20.279
-19.5266, -20.2726
-20.0437, -20.2694
-20.4857, -20.27
-20.4857, -20.2705
-19.113, -20.2676
-19.2651, -20.2615
-19.8044, -20.2611
-19.7416, -20.2613
-20.4573, -20.2656
-19.5206, -20.2593
-19.2124, -20.2578
-20.1856, -20.2618
-20.0194, -20.2618
-20.0194, -20.2618
-20.6155, -20.2669
-20.5932, -20.2689
-20.4411, -20.2702
-19.843, -20.2714
-19.5713, -20.2722
-20.3965, -20.2783
-20.3458, -20.2779
-19.0035, -20.2693
-19.3705, -20.2645
-19.3705, -20.2596
-20.8385, -20.27
-19.7355, -20.2703
-20.4046, -20.2697
-19.7051, -20.2666
-19.991, -20.2666
-19.3624, -20.2573
-18.4742, -20.2475
-19.0927, -20.2397
-20.1471, -20.2428
-20.1471, -20.2441
-19.92, -20.2452
-20.2566, -20.2373
-19.7578, -20.2327
-20.0964, -20.2299
-19.8632, -20.227
-19.9585, -20.2242
-20.2201, -20.2249
-20.5161, -20.2191
-20.0741, -20.2132
-20.0741, -20.2077
-19.0157, -20.1957
-19.6321, -20.189
-19.038, -20.184
-18.5574, -20.1764
-19.3016, -20.1684
-19.9869, -20.1659
-19.4293, -20.1563
-19.2651, -20.1493
-20.3255, -20.1477
-20.0619, -20.1483
-20.0619, -20.1496
-19.9808, -20.1457
-20.1512, -20.1376
-19.7537, -20.1274
-20.2465, -20.1269
-19.9727, -20.1247
-19.9829, -20.1255
-19.9545, -20.1264
-19.0968, -20.1185
-20.6337, -20.1199
-19.8389, -20.1143
-20.1349, -20.1082
-19.5895, -20.101
-19.2793, -20.0921
-19.2793, -20.0861
-19.5348, -20.0842
-19.48, -20.0785
-19.3502, -20.0686
-19.8328, -20.0699
-19.5814, -20.064
-19.6686, -20.0563
-19.697, -20.0525
-19.6402, -20.0467
-20.0336, -20.043
-19.8389, -20.0387
-19.8389, -20.0382
-19.551, -20.0298
-18.9325, -20.0156
-19.7416, -20.0094
-18.1335, -19.994
-19.2265, -19.9848
-19.6564, -19.9786
-20.1958, -19.9778
-19.8997, -19.9812
-19.7761, -19.9825
-19.7761, -19.9741
-20.1735, -19.9762
-19.8409, -19.9722
-19.4334, -19.9659
-19.0136, -19.9507
-20.064, -19.9447
-19.3624, -19.9385
-19.8227, -19.9331
-19.6199, -19.929
-19.3928, -19.9237
-19.3928, -19.9145
-19.4009, -19.908
-19.1921, -19.9053
-19.4922, -19.8955
-20.2383, -19.9011
-20.9317, -19.9069
-20.2951, -19.9042
-20.0619, -19.9003
-20.3701, -19.9058
-20.4472, -19.9089
-20.4472, -19.9155
-20.3782, -19.9181
-20.358, -19.9172
-20.6337, -19.9178
-19.3563, -19.912
-20.6215, -19.9108
-20.1187, -19.9094
-19.2144, -19.903
-20.5303, -19.9027
-19.5875, -19.8995
-20.1066, -19.8979
-19.9302, -19.8955
-19.3705, -19.8843
-19.1029, -19.8783
-19.0947, -19.8721
-19.9058, -19.8616
-18.2674, -19.8465
-20.2606, -19.8424
-19.5185, -19.836
-19.626, -19.8317
-19.4435, -19.8286
-19.991, -19.8279
-19.8207, -19.8288
-19.993, -19.8331
-19.5145, -19.8329
-19.9727, -19.8378
-19.9727, -19.8353
-20.0376, -19.8331
-20.4553, -19.8365
-19.4374, -19.8314
-20.7695, -19.8355
-20.141, -19.834
-19.7679, -19.8327
-20.0538, -19.839
-19.916, -19.8372
-20.3722, -19.8345
-20.3722, -19.8398
-19.92, -19.8421
-20.8811, -19.8498
-19.2326, -19.847
-19.9464, -19.8481
-20.8162, -19.8531
-20.1147, -19.8544
-20.3519, -19.8547
-20.1451, -19.8554
-19.918, -19.8548
-19.918, -19.8492
-20.4005, -19.8533
-19.8693, -19.8546
-19.8288, -19.8484
-19.5571, -19.8436
-20.21, -19.8439
-20.1207, -19.8422
-19.9484, -19.841
-18.5472, -19.8335
-19.9525, -19.8321
-19.9525, -19.8358
-20.4168, -19.8391
-19.407, -19.8368
-20.4573, -19.8403
-19.1698, -19.8322
-19.9646, -19.8347
-19.4678, -19.8339
-20.4776, -19.8387
-19.9525, -19.8406
-19.3969, -19.8331
-20.064, -19.8383
-20.064, -19.8381
-18.9183, -19.8338
-19.2347, -19.8285
-19.0968, -19.8264
-19.2833, -19.825
-19.4395, -19.8217
-19.7679, -19.8177
-19.6645, -19.8131
-19.3016, -19.8142
-20.3093, -19.82
-20.3093, -19.8228
-19.2002, -19.8198
-19.6199, -19.8151
-19.9241, -19.8173
-20.1045, -19.8223
-20.5709, -19.8244
-20.1856, -19.8254
-19.8937, -19.8247
-19.6564, -19.8193
-20.4168, -19.8184
-20.4168, -19.8182
-20.0579, -19.8194
-19.3563, -19.8182
-20.2323, -19.8173
-20.3681, -19.8174
-20.3681, -19.825
-19.6929, -19.8268
-19.9748, -19.8302
-19.6868, -19.8238
-19.9443, -19.8249
-19.8024, -19.8216
-20.7614, -19.8275
-19.3502, -19.8239
-19.9585, -19.8272
-20.1755, -19.8367
-20.1755, -19.8427
-20.7229, -19.8459
-20.4107, -19.8473
-19.772, -19.8465
-20.4654, -19.8477
-20.2079, -19.8502
-20.212, -19.8508
-18.9122, -19.8455
-19.6159, -19.8436
-19.9788, -19.8423
-19.6179, -19.8373
-19.6179, -19.8348
-18.8575, -19.828
-18.9771, -19.8278
-20.6661, -19.8335
-19.7862, -19.8377
-20.2546, -19.8471
-19.9018, -19.8505
-20.0457, -19.8508
-20.1248, -19.8546
-19.0968, -19.8537
-19.0968, -19.8469
-20.1714, -19.8475
-20.1045, -19.8477
-19.3948, -19.8445
-19.1333, -19.8388
-20.2404, -19.8415
-19.5631, -19.8377
-20.2262, -19.8391
-20.1917, -19.8403
-20.285, -19.8421
-20.285, -19.8487
-19.9788, -19.8451
-19.263, -19.8419
-19.9768, -19.841
-19.774, -19.842
-20.2546, -19.8475
-20.0802, -19.8519
-20.6925, -19.8583
-19.5287, -19.8586
-19.0927, -19.8572
-19.0927, -19.8531
-19.48, -19.8525
-19.6078, -19.8522
-19.6078, -19.8517
-19.4902, -19.8508
-19.2286, -19.8464
-20.3803, -19.8494
-19.3827, -19.8468
-18.7865, -19.8426
-19.5976, -19.8463
-19.5976, -19.8455
-18.9427, -19.85
-20.1856, -19.8553
-19.7172, -19.8556
-20.1998, -19.8557
-19.8004, -19.8551
-19.9038, -19.8558
-19.1475, -19.8523
-19.1495, -19.8466
-19.8389, -19.8466
-20.0336, -19.85
-19.6868, -19.8537
-19.9646, -19.8532
-20.0782, -19.8571
-20.0761, -19.8585
-20.0761, -19.8611
-19.8713, -19.8637
-19.5266, -19.8645
-19.33, -19.8641
-19.2083, -19.8642
-19.7923, -19.8658
-19.0684, -19.8593
-19.48, -19.8513
-20.1106, -19.8503
-20.1106, -19.8505
-19.5368, -19.8459
-20.2485, -19.8448
-19.5936, -19.84
-20.6418, -19.8415
-19.4476, -19.8365
-18.602, -19.8252
-18.9852, -19.8231
-19.3158, -19.8158
-19.3158, -19.8114
-19.9342, -19.8154
-18.8676, -19.8061
-19.3279, -19.8047
-19.9261, -19.8037
-19.0947, -19.7991
-20.5222, -19.8055
-19.3867, -19.807
-19.3421, -19.8084
-19.3421, -19.8053
-19.3685, -19.8114
-19.5469, -19.8074
-19.4962, -19.8073
-20.1856, -19.8104
-19.6666, -19.8117
-20.6601, -19.8154
-20.212, -19.8175
-19.9281, -19.8172
-19.5266, -19.8173
-19.5266, -19.8148
-19.2164, -19.8106
-19.6625, -19.8085
-19.8166, -19.8049
-19.1373, -19.8033
-20.0518, -19.7993
-19.4658, -19.7955
-20.2059, -19.798
-20.4411, -19.8001
-20.4411, -19.803
-20.3417, -19.8029
-20.0721, -19.8012
-20.5019, -19.8044
-19.4212, -19.7963
-20.139, -19.8014
-19.3036, -19.7978
-20.0376, -19.7935
-20.0559, -19.7931
-20.0559, -19.7915
-20.7452, -19.7948
-19.3969, -19.7919
-19.4354, -19.7893
-19.8876, -19.7864
-19.115, -19.7822
-18.7237, -19.7761
-19.6382, -19.7765
-20.2444, -19.7767
-20.3012, -19.7777
-19.8835, -19.7774
-19.6341, -19.7834
-20.6641, -19.7873
-19.4739, -19.7847
-19.6057, -19.7802
-19.6057, -19.7813
-20.1613, -19.7796
-19.0258, -19.7788
-20.1329, -19.7798
-19.4151, -19.7795
-20.8141, -19.7814
-19.8937, -19.781
-19.9748, -19.7842
-20.4675, -19.7865
-20.0761, -19.7865
-20.0761, -19.793
-19.3442, -19.7936
-20.2566, -19.8
-19.8328, -19.8031
-19.8713, -19.8055
-19.9383, -19.8064
-19.3888, -19.8049
-19.4678, -19.8058
-19.6199, -19.802
-19.5206, -19.7976
-19.5206, -19.7994
-19.701, -19.7998
-20.9581, -19.8056
-19.5733, -19.8026
-20.581, -19.8027
-19.4151, -19.7984
-20.2302, -19.8003
-20.9845, -19.8077
-19.989, -19.8053
-19.48, -19.8001
-19.48, -19.7969
-20.4979, -19.8032
-19.9788, -19.8018
-20.0822, -19.8002
-19.9362, -19.7978
-20.0721, -19.7999
-19.7761, -19.7988
-19.7132, -19.799
-20.4228, -19.8016
-19.334, -19.799
-19.334, -19.7911
-20.0457, -19.795
-19.7416, -19.7937
-19.8916, -19.7922
-19.9139, -19.7907
-20.064, -19.7871
-19.9281, -19.7844
-19.5469, -19.7831
-19.5287, -19.7779
-19.7274, -19.7753
-20.2465, -19.7754
-20.21, -19.7827
-20.0254, -19.7849
-20.2647, -19.7865
-19.7882, -19.7875
-19.6625, -19.7877
-19.849, -19.7932
-19.7193, -19.7973
-19.7537, -19.7923
-19.1535, -19.7888
-20.6499, -19.791
-19.5814, -19.7892
-19.403, -19.7856
-19.847, -19.7841
-20.139, -19.7899
-20.139, -19.7956
-21.2115, -19.8014
-19.6889, -19.7991
-19.8267, -19.8015
-19.9849, -19.8062
-20.3255, -19.8067
-19.403, -19.8058
-20.4593, -19.8071
-18.8433, -19.7996
-20.3864, -19.8002
-20.3864, -19.8008
-20.2505, -19.8023
-21.0392, -19.8121
-19.3158, -19.8085
-19.3766, -19.8063
-19.482, -19.802
-20.0295, -19.8017
-20.729, -19.8019
-19.9687, -19.8043
-19.9687, -19.8092
-20.0194, -19.8143
-20.3458, -19.8191
-20.1552, -19.8222
-19.7781, -19.8231
-19.184, -19.8214
-19.1779, -19.8212
-20.0417, -19.8193
-21.096, -19.8288
-21.096, -19.8416
-19.9078, -19.8433
-20.3012, -19.8473
-19.3462, -19.8495
-19.8997, -19.8479
-19.77, -19.8482
-19.117, -19.8422
-19.0805, -19.8382
-19.5753, -19.8364
-19.5753, -19.8387
-18.8636, -19.8371
-19.7963, -19.8369
-19.0582, -19.8315
-19.7375, -19.8318
-19.8855, -19.8313
-19.624, -19.8288
-19.7984, -19.8273
-19.4922, -19.824
-19.6949, -19.823
-19.6949, -19.824
-20.0113, -19.8278
-20.4837, -19.8349
-20.2829, -19.8376
-18.6547, -19.8353
-20.3559, -19.8401
-19.7071, -19.8379
-19.9849, -19.8372
-20.6945, -19.8436
-20.6945, -19.8461
-19.7659, -19.8471
-19.1921, -19.839
-19.8511, -19.8413
-18.7155, -19.8419
-19.0887, -19.8425
-19.6929, -19.8446
-19.5104, -19.8456
-19.6645, -19.8441
-19.6645, -19.8486
-20.2282, -19.8536
-20.8243, -19.8586
-20.6945, -19.8675
-20.2911, -19.8662
-20.2911, -19.8712
-20.2404, -19.8762
-19.772, -19.8786
-19.8653, -19.8813
-20.358, -19.8858
-19.7821, -19.8874
-20.2018, -19.8875
-19.77, -19.8881
-20.2586, -19.8859
-19.7659, -19.8834
-19.7659, -19.8825
-19.5814, -19.8828
-20.0599, -19.8857
-20.5121, -19.8929
-20.0883, -19.8953
-19.5327, -19.8937
-20.2748, -19.9001
-19.5834, -19.8974
-20.2769, -19.902
-20.8871, -19.9057
-20.8871, -19.9082
-20.5648, -19.9089
-20.0984, -19.9076
-20.8263, -19.9117
-20.36, -19.911
-20.2363, -19.9155
-19.9281, -19.9143
-20.3397, -19.9201
-20.508, -19.9227
-19.5408, -19.9198
-19.5408, -19.917
-21.0899, -19.9189
-19.9869, -19.9222
-20.5364, -19.9283
-20.5486, -19.9319
-20.7777, -19.9412
-19.3685, -19.9448
-19.4435, -19.9437
-19.5692, -19.9399
-19.407, -19.935
-18.6811, -19.9283
-18.6811, -19.923
-18.9487, -19.9135
-18.7804, -19.9096
-19.7112, -19.9102
-19.407, -19.9091
-19.1799, -19.9036
-19.3401, -19.9054
-20.3478, -19.9066
-20.5323, -19.9128
-19.7213, -19.9067
-19.7213, -19.9057
-19.2894, -19.9019
-18.9122, -19.8933
-21.025, -19.8986
-19.7639, -19.8968
-19.5996, -19.8983
-19.4131, -19.8936
-19.7213, -19.893
-18.1234, -19.8832
-18.971, -19.8779
-18.971, -19.8755
-19.77, -19.8772
-19.6483, -19.8774
-19.6503, -19.8781
-19.5125, -19.8781
-19.3178, -19.8759
-19.2671, -19.8665
-19.2651, -19.8648
-19.3888, -19.8582
-19.2306, -19.8572
-19.6503, -19.854
-20.3093, -19.8502
-19.6037, -19.8481
-20.1735, -19.8519
-20.1735, -19.8558
-20.1066, -19.8536
-19.5976, -19.8515
-20.2951, -19.8527
-19.7436, -19.8516
-20.7594, -19.8554
-19.2549, -19.8525
-20.3843, -19.8562
-20.431, -19.8563
-20.1552, -19.8608
-20.1552, -19.8654
-19.626, -19.8631
-19.6483, -19.8626
-19.6584, -19.8613
-19.7294, -19.8602
-19.5875, -19.8576
-19.774, -19.8567
-19.8997, -19.8587
-21.023, -19.867
-21.023, -19.8742
-19.9687, -19.8727
-19.1698, -19.8669
-19.6382, -19.8647
-19.0826, -19.8582
-19.6848, -19.8576
-19.6361, -19.8574
-20.727, -19.8623
-20.2465, -19.8652
-20.2465, -19.868
-20.6479, -19.8763
-20.7128, -19.8766
-19.2489, -19.8748
-18.4965, -19.8697
-19.2347, -19.8663
-20.2647, -19.867
-19.9362, -19.8659
-20.0011, -19.8592
-20.0011, -19.8609
-19.3563, -19.8583
-19.5064, -19.8557
-18.9893, -19.8482
-19.7598, -19.8502
-19.5449, -19.8451
-19.555, -19.8491
-19.5064, -19.8442
-19.3766, -19.8386
-19.2428, -19.833
-19.2428, -19.823
-19.9281, -19.8264
-19.0684, -19.8247
-19.8369, -19.8267
-19.5003, -19.8237
-20.0315, -19.8199
-19.4111, -19.8168
-19.1596, -19.8123
-20.1633, -19.8131
-20.1633, -19.812
-20.6986, -19.8151
-19.7821, -19.8151
-19.6706, -19.8178
-19.0217, -19.8169
-21.1243, -19.8229
-18.8271, -19.8103
-19.2935, -19.8003
-19.3969, -19.7975
-18.673, -19.7884
-18.3911, -19.7831
-19.6666, -19.7818
-19.5773, -19.7808
-19.6706, -19.7838
-19.6706, -19.7871
-19.3523, -19.7859
-18.7277, -19.7812
-19.5246, -19.7848
-18.6304, -19.7784
-18.9224, -19.7776
-19.6828, -19.7773
-19.9423, -19.7776
-18.7744, -19.7729
-20.1512, -19.7749
-19.4739, -19.7748
-19.4739, -19.7735
-19.699, -19.7736
-19.6584, -19.7716
-20.0437, -19.7692
-20.0701, -19.768
-20.2971, -19.7771
-18.9873, -19.7695
-19.4374, -19.768
-20.3174, -19.7698
-19.9606, -19.7658
-19.9606, -19.7617
-20.2485, -19.7644
-20.143, -19.7696
-19.478, -19.7676
-20.5303, -19.7777
-19.8957, -19.7821
-19.0907, -19.7788
-20.2282, -19.7828
-20.7107, -19.7886
-20.7594, -19.7947
-20.7594, -19.7976
-19.916, -19.7926
-20.066, -19.7891
-20.3458, -19.7894
-19.918, -19.7873
-20.1086, -19.7866
-19.403, -19.7845
-20.6114, -19.7887
-20.6884, -19.7905
-20.2282, -19.793
-20.2282, -19.7931
-20.5506, -19.7975
-19.6706, -19.7942
-20.1329, -19.7963
-20.7898, -19.8019
-20.7391, -19.8084
-19.3948, -19.8047
-20.212, -19.803
-21.173, -19.809
-20.879, -19.8165
-20.879, -19.8199
-20.3681, -19.8242
-20.3296, -19.8245
-19.7152, -19.818
-19.9139, -19.8126
-20.1552, -19.8103
-20.2181, -19.811
-20.2201, -19.8076
-20.2992, -19.8073
-20.0579, -19.8063
-20.1491, -19.8075
-19.3117, -19.8018
-19.774, -19.7977
-19.5713, -19.7979
-19.3482, -19.7968
-19.6301, -19.7887
-19.6301, -19.7867
-19.5956, -19.7815
-19.9383, -19.7781
-20.3438, -19.7757
-20.0802, -19.7797
-20.0883, -19.7833
-20.6884, -19.7895
-19.9443, -19.7925
-19.8774, -19.7991
-20.1167, -19.8071
-20.1167, -19.8136
-20.0417, -19.8206
-20.5141, -19.825
-20.1593, -19.8292
-20.2566, -19.8352
-19.0055, -19.8333
-20.0518, -19.8317
-19.0826, -19.8236
-19.549, -19.8227
-19.9808, -19.8241
-19.9808, -19.828
-19.6868, -19.8323
-19.7335, -19.8251
-19.7193, -19.8248
-20.5384, -19.8301
-20.7412, -19.8374
-19.5023, -19.8362
-20.1491, -19.8475
-19.6443, -19.8512
-18.8068, -19.8503
-18.8068, -19.845
-19.9606, -19.8467
-19.989, -19.8486
-19.8592, -19.8505
-19.3502, -19.8507
-19.8592, -19.854
-19.9484, -19.8578
-19.7031, -19.8595
-19.3178, -19.86
-20.7107, -19.8659
-20.7107, -19.8681
-20.0842, -19.8708
-19.3766, -19.8664
-18.9001, -19.8593
-19.6321, -19.8566
-19.5449, -19.8564
-19.993, -19.8547
-19.6666, -19.8542
-20.3884, -19.8522
-20.3357, -19.8582
-19.7355, -19.8546
-19.7355, -19.8507
-20.2383, -19.8512
-19.7112, -19.8487
-19.6929, -19.8491
-20.1126, -19.8517
-19.6037, -19.8514
-20.1674, -19.8538
-19.701, -19.8544
-20.0883, -19.8562
-19.9829, -19.8566
-19.9829, -19.8509
-20.2911, -19.8468
-19.5895, -19.8447
-19.7071, -19.8477
-19.5388, -19.8471
-19.9707, -19.8521
-19.3908, -19.8504
-19.0684, -19.8473
-19.5591, -19.8408
-19.8876, -19.8388
-20.9459, -19.8427
-20.9459, -19.8443
-19.9261, -19.84
-21.1588, -19.8506
-20.4634, -19.8615
-20.214, -19.8669
-20.6175, -19.8689
-19.7031, -19.8676
-19.845, -19.8667
-19.9666, -19.8665
-20.579, -19.8733
-20.579, -19.8793
-19.6483, -19.8829
-19.8592, -19.8835
-19.8774, -19.8853
-19.9829, -19.8877
-20.3438, -19.8924
-19.5875, -19.8935
-20.0721, -19.8982
-20.3478, -19.9043
-20.0741, -19.9051
-20.0741, -19.9107
-19.7152, -19.91
-19.6138, -19.9106
-20.4857, -19.9132
-20.7918, -19.9208
-19.9991, -19.9255
-20.1005, -19.9252
-20.4735, -19.9269
-20.3276, -19.9248
-20.4999, -19.9288
-20.7472, -19.9348
-20.7472, -19.9444
-20.4593, -19.9407
-19.5672, -19.9448
-20.2262, -19.95
-19.626, -19.9512
-19.7497, -19.9572
-20.8851, -19.9711
-20.3681, -19.975
-19.5368, -19.9748
-19.7071, -19.975
-19.7071, -19.9752
-19.7619, -19.9774
-19.5327, -19.9819
-19.8349, -19.9836
-19.5145, -19.9885
-19.918, -19.9941
-20.2505, -19.9972
-20.8182, -20.0021
-19.5206, -20.0062
-19.4172, -20.0022
-19.4172, -20.0018
-19.4172, -20.0015
-20.3336, -20.0051
-19.92, -20.0065
-20.2606, -20.0077
-20.8263, -20.0119
-20.0802, -20.0107
-19.92, -20.0159
-20.7331, -20.0231
-20.0538, -20.0216
-20.0538, -20.0221
-19.7416, -20.0209
-20.6864, -20.0234
-19.7416, -20.0211
-19.6625, -20.0222
-20.7006, -20.0231
-20.2809, -20.0252
-19.6828, -20.0285
-19.3016, -20.0234
-19.7436, -20.018
-20.5344, -20.0168
-20.4005, -20.0148
-18.5229, -20.007
-20.3377, -20.0085
-19.9078, -20.0061
-19.8612, -20.0058
-19.8612, -20.0044
-20.3559, -20.0097
-19.6808, -20.0045
-19.3178, -19.9969
-19.7943, -19.9945
-20.2809, -19.9948
-20.3397, -19.9936
-19.6666, -19.9936
-19.3462, -19.9892
-20.5019, -19.9876
-20.5019, -19.9863
-20.1187, -19.9903
-19.3117, -19.9853
-19.7558, -19.9775
-19.482, -19.9697
-19.2103, -19.9604
-20.4431, -19.9609
-20.3316, -19.9609
-19.7659, -19.9612
-19.7902, -19.9605
-19.7902, -19.9584
-19.6078, -19.955
-20.1633, -19.9547
-19.77, -19.9518
-20.0417, -19.9517
-19.6179, -19.9487
-20.5506, -19.9556
-20.1897, -19.9579
-19.9808, -19.9602
-19.1921, -19.9593
-19.1921, -19.9569
-19.2245, -19.9547
-19.699, -19.9552
-20.2201, -19.9568
-21.0534, -19.9607
-19.9443, -19.96
-19.3725, -19.956
-19.7842, -19.951
-20.6803, -19.9551
-20.0376, -19.956
-19.5185, -19.9526
-19.3401, -19.9483
-20.4451, -19.9506
-20.3701, -19.9498
-20.2181, -19.9501
-20.3174, -19.9504
-20.6641, -19.9597
-19.4699, -19.9564
-19.6848, -19.9598
-20.1532, -19.9631
-18.1599, -19.953
-18.1599, -19.9429
-19.0623, -19.9394
-19.843, -19.94
-20.2546, -19.943
-20.2343, -19.9413
-20.2343, -19.9385
-19.2772, -19.9372
-20.143, -19.9372
-19.9646, -19.939
-19.9058, -19.9451
-19.5834, -19.9494
-20.1978, -19.9507
-20.2201, -19.952
-19.772, -19.9515
-19.5976, -19.9529
-19.5976, -19.9515
-19.4678, -19.9488
-19.7761, -19.9492
-20.0802, -19.9534
-20.2829, -19.951
-19.7152, -19.9455
-20.2992, -19.9467
-19.9808, -19.9501
-20.1998, -19.9573
-20.3154, -19.9611
-20.3154, -19.9654
-19.9869, -19.9653
-20.0153, -19.9673
-19.774, -19.9639
-19.33, -19.9583
-19.2245, -19.9554
-19.8004, -19.9558
-19.847, -19.9536
-20.9034, -19.9602
-20.7168, -19.9659
-20.7168, -19.9693
-19.4861, -19.9686
-19.8876, -19.9671
-20.2829, -19.9703
-19.3158, -19.966
